389,725
389,1044
389,1564
389,980
389,2346
389,1826
389,1603
389,1108
389,2039
389,2072
389,1725
389,2105
389,1259
389,2278
389,1144
389,1397
389,2312
389,1510
389,1291
389,1439
389,1950
389,1357
389,2004
389,1471
389,1880
389,1181
389,1758
389,1657
389,2181
389,1692
389,2380
389,1076
389,1013
389,2139
389,2419
389,2223
389,1325
390,825
390,438
390,2414
390,978
390,2464
390,975
391,390
394,943
394,1043
394,2138
394,1509
394,1324
394,979
394,1602
394,1656
394,1396
394,1879
394,1691
394,2071
394,1724
394,2277
394,1470
394,1949
394,2222
394,1258
394,1825
394,2180
394,2104
394,2379
394,1107
394,2418
394,1438
394,1180
394,1563
394,2038
394,1012
394,1757
394,411
394,1075
394,2311
394,1290
394,2345
394,2003
394,1356
394,295
0,981
0,2457
0,826
0,898
0,991
1,981
1,1837
1,1615
1,2235
1,251
1,1521
1,1232
1,112
1,986
1,2456
1,826
1,1961
2,981
2,2457
2,826
2,898
2,991
3,981
3,1624
3,126
3,2244
3,1530
3,251
3,1232
3,1970
3,1846
3,986
3,2456
3,826
4,981
4,250
4,822
4,1346
4,986
4,2459
4,1231
5,981
5,1460
5,252
5,986
5,2460
5,1233
6,981
6,996
6,2458
6,68
7,1643
7,1714
7,156
7,1097
7,1426
7,2061
7,2210
7,2127
7,1280
7,1313
7,2299
7,1065
7,1129
7,1383
7,321
7,2443
7,1549
7,1679
7,177
7,1165
7,1865
7,212
7,964
7,2369
7,2334
7,10
7,198
7,1202
7,1989
7,1747
7,2403
7,2168
7,2094
7,1460
7,1346
7,2263
7,1780
8,981
8,998
8,2458
8,68
9,1385
9,1783
9,967
9,2064
9,1316
9,2337
9,1168
9,2097
9,199
9,1036
9,2266
9,2130
9,1750
9,2406
9,1068
9,1593
9,1646
9,2303
9,1100
9,1552
9,213
9,1992
9,2372
9,2213
9,1205
9,2171
9,2446
9,1868
9,1463
9,1429
9,325
9,1717
9,1349
9,1283
9,1132
9,1682
9,1498
395,1437
395,1011
395,19
395,2310
395,2276
395,1179
395,1257
395,1323
396,1014
396,1018
396,67
396,1029
396,68
10,2299
10,1460
10,1346
10,2334
10,1280
10,1129
10,1202
11,396
12,396
13,396
14,15
15,396
397,943
397,1043
397,2138
397,1509
397,1324
397,979
397,1602
397,1656
397,1396
397,1879
397,1691
397,2071
397,1724
397,2277
397,1470
397,1949
397,2222
397,1258
397,1825
397,2180
397,2104
397,2379
397,1107
397,2418
397,1438
397,1180
397,1563
397,2038
397,1012
397,1757
397,411
397,1075
397,2311
397,1290
397,2345
397,2003
397,1356
397,295
16,1060
16,1045
16,1065
16,68
17,1060
17,1045
17,1065
17,68
398,943
398,1043
398,2138
398,1509
398,1324
398,979
398,1602
398,1656
398,1396
398,1879
398,1691
398,2071
398,1724
398,2277
398,1470
398,1949
398,2222
398,1258
398,1825
398,2180
398,2104
398,2379
398,1107
398,2418
398,1438
398,1180
398,1563
398,2038
398,1012
398,1757
398,411
398,1075
398,2311
398,1290
398,2345
398,2003
398,1356
398,295
18,1091
18,1077
19,943
19,1043
19,2138
19,1509
19,1324
19,979
19,1602
19,1656
19,1396
19,1879
19,1691
19,2071
19,1724
19,2277
19,1470
19,1949
19,2222
19,1258
19,1825
19,2180
19,2104
19,2379
19,1107
19,2418
19,1438
19,1180
19,1563
19,2038
19,1012
19,1757
19,411
19,1075
19,2311
19,1290
19,2345
19,2003
19,1356
19,295
20,23
20,288
20,91
20,42
20,140
20,75
20,2300
20,14
21,1260
21,1109
21,1014
21,2313
21,1274
21,1196
21,1326
21,1182
21,1028
21,1440
21,2293
21,2328
21,1454
21,2279
21,1123
21,1340
22,1260
22,1109
22,1014
22,2313
22,1274
22,1196
22,1326
22,1182
22,1028
22,1440
22,2293
22,2328
22,1454
22,2279
22,1123
22,1340
23,1260
23,1109
23,1014
23,2313
23,1274
23,1196
23,1326
23,1182
23,1028
23,1440
23,2293
23,2328
23,1454
23,2279
23,1123
23,1340
24,1260
24,1109
24,1014
24,2313
24,1274
24,1196
24,1326
24,1182
24,1028
24,1440
24,2293
24,2328
24,1454
24,2279
24,1123
24,1340
25,1260
25,1109
25,1014
25,2313
25,1274
25,1196
25,1326
25,1182
25,1028
25,1440
25,2293
25,2328
25,1454
25,2279
25,1123
25,919
25,1340
26,1260
26,1109
26,1014
26,2313
26,1274
26,1196
26,1326
26,1182
26,1028
26,1440
26,2293
26,2328
26,1454
26,2279
26,1123
26,1340
27,1260
27,1109
27,1014
27,2313
27,1274
27,1196
27,1326
27,1182
27,1028
27,1440
27,2293
27,2328
27,1454
27,2279
27,1123
27,919
27,1340
399,1140
399,617
399,1393
399,825
399,438
400,399
400,403
402,404
402,863
402,625
402,67
403,773
403,402
404,863
404,405
404,67
404,831
404,832
406,655
406,28
406,1506
406,634
406,1142
407,406
408,417
408,158
408,825
409,408
34,407
36,825
411,943
411,1043
411,2138
411,1509
411,1324
411,979
411,1602
411,1656
411,1396
411,1879
411,1691
411,2071
411,1724
411,2277
411,1470
411,1949
411,2222
411,1258
411,1825
411,2180
411,2104
411,2379
411,1107
411,2418
411,1438
411,1180
411,1563
411,2038
411,1012
411,1757
411,1075
411,2311
411,1290
411,2345
411,2003
411,1356
411,295
412,415
412,1176
412,1178
413,415
413,1176
413,1178
415,414
415,1175
415,1177
416,1437
416,1011
416,19
416,2310
416,2276
416,1179
416,1257
416,1323
417,823
417,821
41,2299
41,1460
41,1346
41,2334
41,10
41,1280
41,1129
41,1202
42,43
43,23
43,288
43,91
43,42
43,140
43,75
43,2300
43,14
44,1195
44,68
44,1182
45,41
46,41
47,1195
47,68
47,1182
48,1036
48,1463
48,2303
48,1349
48,1283
48,1132
48,2337
48,1205
49,48
49,1195
49,68
49,1182
50,413
51,41
52,412
53,1195
53,68
53,1182
419,1252
419,2470
419,1212
421,422
422,1213
422,2463
422,2413
422,974
423,425
425,422
426,457
426,825
426,706
426,1214
54,419
54,825
427,421
55,420
55,426
56,420
56,426
57,424
429,433
431,234
431,1216
431,58
432,1252
432,2470
432,1212
60,428
433,434
61,432
61,825
62,222
62,800
62,350
434,622
434,2414
434,2464
434,833
434,975
63,435
63,65
63,66
63,431
63,60
63,59
64,63
64,430
65,2414
65,2464
65,975
66,791
66,2414
66,2464
66,828
66,975
66,237
436,825
67,436
438,437
438,860
438,834
68,436
440,439
442,825
442,439
443,825
444,859
444,811
444,809
444,445
445,773
445,449
446,443
447,1064
447,2178
447,1905
447,2208
447,2219
447,1010
447,2402
447,1382
447,812
447,1391
447,2343
447,753
447,2442
447,1279
447,2103
447,973
447,1345
447,1913
447,1746
447,2333
447,2037
447,1756
447,1878
447,1547
447,1312
447,1600
447,713
447,2298
447,963
447,860
447,715
447,441
447,556
447,2261
447,2136
447,1688
447,1211
447,1425
447,814
447,2029
447,827
447,1164
447,1289
447,1128
447,67
447,1641
447,1201
447,1459
447,1590
447,319
447,2093
447,2167
447,2275
447,1713
447,1505
447,1723
447,1678
447,1436
447,1002
447,2378
447,1789
447,2126
447,1074
447,761
447,2412
447,1174
447,1042
447,836
447,1495
447,1096
447,1138
447,1562
447,1987
447,1106
447,1655
447,807
447,1469
447,2070
447,818
447,1863
447,1355
447,2060
447,571
447,2002
447,1033
447,2309
447,2452
447,2368
447,1779
447,1322
448,447
448,856
448,815
449,447
449,808
449,815
449,820
450,789
450,429
450,618
450,712
450,801
450,70
450,423
451,460
451,450
451,551
451,448
451,391
451,819
451,773
451,458
452,791
452,450
452,444
452,819
452,458
452,461
453,791
453,450
453,444
453,461
454,450
454,444
454,819
454,458
454,548
454,461
455,450
455,444
455,548
455,461
456,460
456,450
456,551
456,448
456,819
456,773
456,458
456,400
457,443
457,861
458,1109
458,2040
458,1014
458,2313
458,2347
458,1726
458,1326
458,944
458,1182
458,1472
458,2106
458,1881
458,1604
458,1398
458,2279
458,1358
458,1145
458,2381
458,1511
458,1260
458,981
458,2005
458,2224
458,2073
458,860
458,441
458,1045
458,1292
458,1565
458,818
458,1077
458,814
458,1759
458,1440
458,296
458,2140
458,2420
458,1693
458,2183
458,1827
458,1951
458,1658
459,2178
459,1047
459,1010
459,2040
459,946
459,1391
459,2343
459,753
459,1728
459,1182
459,1660
459,1913
459,2037
459,1474
459,1111
459,2185
459,2005
459,2224
459,860
459,1565
459,2136
459,1688
459,1759
459,1289
459,2140
459,67
459,1513
459,1505
459,1723
459,1436
459,2378
459,2347
459,1726
459,1326
459,944
459,2281
459,2106
459,1881
459,2412
459,1042
459,1398
459,1138
459,2007
459,2279
459,1562
459,1883
459,1262
459,1106
459,1147
459,1400
459,1655
459,983
459,1045
459,2070
459,818
459,2142
459,1077
459,1355
459,1440
459,1016
459,2309
459,1693
459,2183
459,1360
459,1442
459,2219
459,729
459,1953
459,1328
459,2103
459,973
459,2383
459,1604
459,1756
459,1878
459,1761
459,1145
459,1600
459,2381
459,1511
459,1260
459,981
459,2073
459,441
459,1292
459,2315
459,1211
459,2042
459,1567
459,814
459,2420
459,1695
459,1829
459,1658
459,2275
459,1109
459,2075
459,1014
459,2313
459,1789
459,1472
459,1074
459,1174
459,1079
459,2226
459,1358
459,1294
459,1469
459,2108
459,2002
459,296
459,2422
459,1184
459,2349
459,2452
459,1827
459,1322
459,1951
459,1606
460,856
460,815
460,459
461,819
461,808
461,459
461,820
462,772
462,440
462,446
463,772
463,440
463,446
463,825
464,772
464,442
464,446
465,772
465,446
465,549
466,1256
466,469
466,1254
467,1256
467,469
467,1254
469,468
469,1255
469,1253
470,1437
470,1011
470,19
470,2310
470,2276
470,1179
470,1257
470,1323
471,823
471,821
74,2299
74,1460
74,1346
74,2334
74,10
74,1280
74,1129
74,1202
75,76
76,23
76,288
76,91
76,42
76,140
76,75
76,2300
76,14
77,1260
77,1273
77,68
78,74
79,74
80,1260
80,1273
80,68
81,1036
81,1463
81,2303
81,1349
81,1283
81,1132
81,2337
81,1205
82,1260
82,1273
82,81
82,68
83,467
84,74
85,466
86,1260
86,1273
86,68
473,814
473,908
473,841
473,837
473,838
473,816
473,817
473,840
473,818
473,906
474,839
474,841
474,838
474,840
474,906
474,474
475,472
476,908
476,846
476,837
476,473
476,816
476,817
476,848
476,474
477,475
477,476
478,725
478,1044
478,1564
478,980
478,2346
478,1826
478,1603
478,1108
478,2039
478,2072
478,1725
478,2105
478,1259
478,2278
478,1144
478,1397
478,2312
478,1510
478,1291
478,1439
478,389
478,1950
478,1357
478,2004
478,1471
478,1880
478,1181
478,1758
478,1657
478,2181
478,1692
478,2380
478,1076
478,1013
478,2139
478,2419
478,2223
478,1325
87,1643
87,1714
87,1308
87,1426
87,2210
87,2127
87,1298
87,2299
87,1234
87,1129
87,2443
87,1679
87,1292
87,1202
87,1989
87,1307
87,816
87,1460
87,1346
87,67
87,1780
87,156
87,1097
87,7
87,2061
87,1280
87,1313
87,253
87,1065
87,1383
87,321
87,1549
87,177
87,1165
87,1865
87,817
87,212
87,964
87,2369
87,2334
87,10
87,68
87,198
87,1747
87,2403
87,2168
87,2094
87,2263
88,1308
88,1306
88,816
88,1292
88,817
88,67
88,68
89,1308
89,1306
89,1292
89,817
89,68
90,1437
90,1011
90,19
90,2310
90,2276
90,1179
90,1257
90,1323
91,92
92,23
92,288
92,91
92,42
92,140
92,75
92,2300
92,14
480,2252
480,1538
480,1854
480,67
480,1978
480,68
480,1374
480,1632
482,2252
482,1538
482,1854
482,67
482,1978
482,68
482,1374
482,1632
491,2252
491,506
491,505
491,1538
491,1854
491,67
491,1978
491,68
491,1374
491,1632
493,2252
493,506
493,505
493,1538
493,1854
493,67
493,1978
493,68
493,1374
493,1632
495,501
495,807
495,715
495,556
495,502
495,571
495,498
495,885
495,761
495,499
495,500
495,890
495,713
496,571
496,761
496,807
496,715
496,556
496,713
497,883
497,893
498,497
503,814
503,825
504,825
504,818
93,1359
93,526
93,1376
93,2254
93,1952
93,1540
93,1512
93,1947
93,29
93,636
93,1821
93,1847
93,1945
93,409
93,657
93,1856
93,1828
93,528
93,1823
93,1980
93,1605
93,817
93,2245
93,594
93,1369
93,816
93,1971
93,496
93,2225
93,1634
93,1625
93,1531
94,492
94,528
94,1823
94,1815
94,782
94,1817
94,1819
94,1927
94,529
94,509
94,518
94,1947
94,524
94,1943
94,1939
94,1813
94,522
94,520
94,530
94,1937
94,1941
94,1803
95,1797
95,1921
95,94
96,1797
96,1921
96,94
96,769
507,1805
507,1359
507,781
507,782
507,511
507,1376
507,2254
507,1952
507,1540
507,1929
507,1512
507,1947
507,29
507,636
507,1847
507,495
507,499
507,409
507,657
507,1856
507,1828
507,528
507,1823
507,1980
507,1605
507,817
507,2245
507,594
507,1369
507,816
507,1971
507,2225
507,1634
507,1625
507,1531
97,1798
97,1922
97,507
97,833
98,97
98,1799
98,1923
99,1798
99,1922
99,507
99,769
99,833
100,1800
100,101
100,1924
100,896
101,510
101,782
101,2262
101,1817
101,521
101,1864
101,1548
101,1928
101,1642
101,1947
101,490
101,1943
101,1938
101,530
101,1941
101,528
101,1823
101,1819
101,529
101,1816
101,519
101,128
101,1804
101,524
101,1940
101,522
101,1814
101,1988
102,1800
102,101
102,1924
508,1359
508,781
508,1376
508,2254
508,1952
508,1540
508,1512
508,887
508,1947
508,29
508,636
508,409
508,657
508,1856
508,888
508,889
508,1828
508,528
508,1823
508,1980
508,1605
508,883
508,594
508,925
508,890
508,2225
508,1634
103,1925
103,1801
103,508
104,1802
104,103
104,1926
105,1925
105,1801
105,508
105,769
509,1818
509,523
509,1942
510,29
510,636
510,409
510,594
510,657
511,526
511,1821
511,810
511,811
511,1945
511,499
511,500
511,893
511,887
511,833
512,517
512,1811
512,1935
512,596
512,817
512,1810
512,516
512,637
512,1934
512,495
512,816
512,410
512,658
512,33
513,1808
513,526
513,596
513,817
513,1809
513,1932
513,833
513,1933
513,514
513,637
513,515
513,1821
513,495
513,816
513,1945
513,410
513,658
513,33
514,501
514,526
514,810
514,811
514,1809
514,893
514,887
514,502
514,833
514,1933
514,1821
514,515
514,1945
514,499
514,500
515,810
515,811
515,1822
515,527
515,1946
515,893
515,833
516,526
516,517
516,810
516,811
516,1811
516,1935
516,893
516,887
516,502
516,833
516,1821
516,1945
516,499
516,500
517,1822
517,527
517,1946
517,833
106,1936
106,107
106,1812
107,504
107,1796
107,1920
107,494
108,1828
108,528
108,1823
108,1359
108,1980
108,1605
108,1376
108,2254
108,1952
108,1540
108,594
108,1512
108,1947
108,29
108,636
108,409
108,657
108,2225
108,1634
108,1856
518,525
518,1828
518,1359
518,1980
518,1605
518,1376
518,2254
518,1806
518,1952
518,1930
518,871
518,1540
518,1512
518,1944
518,1820
518,870
518,2225
518,1634
518,512
518,1856
519,525
519,1828
519,513
519,1359
519,1980
519,1605
519,1376
519,2254
519,1952
519,871
519,1540
519,1512
519,1931
519,1807
519,1944
519,1820
519,870
519,2225
519,1634
519,1856
520,525
520,1828
520,1359
520,1980
520,1605
520,1376
520,2254
520,1806
520,1952
520,1930
520,1540
520,1512
520,843
520,1944
520,1820
520,842
520,2225
520,1634
520,512
520,1856
521,525
521,1828
521,513
521,1359
521,1980
521,1605
521,1376
521,2254
521,1952
521,1540
521,1512
521,1931
521,1807
521,1944
521,843
521,1820
521,842
521,2225
521,1634
521,1856
522,29
522,636
522,409
522,868
522,594
522,869
522,657
522,867
523,29
523,636
523,409
523,594
523,657
524,477
525,861
525,893
526,1143
526,1918
526,1794
526,31
526,1507
526,833
528,2224
528,1604
528,1827
528,1358
528,1951
528,1511
109,943
109,1043
109,2138
109,1509
109,1324
109,979
109,1602
109,1656
109,1396
109,1879
109,1691
109,2071
109,1724
109,2277
109,1470
109,1949
109,2222
109,1258
109,1825
109,2180
109,2104
109,2379
109,1107
109,2418
109,1438
109,1180
109,1563
109,2038
109,1012
109,1757
109,411
109,1075
109,2311
109,1290
109,2345
109,2003
109,1356
109,295
110,1762
110,2076
110,1661
110,1017
110,2384
110,1443
110,598
110,2316
110,2109
110,1729
110,1148
110,1604
110,1112
110,1568
110,643
110,1475
110,1358
110,1401
110,1511
110,1884
110,984
110,1607
110,664
110,2043
110,947
110,2224
110,1080
110,1696
110,2282
110,1329
110,1295
110,2143
110,298
110,2186
110,2008
110,2350
110,2423
110,1263
110,1185
110,876
110,1827
110,1951
110,2227
110,1048
531,911
531,872
532,538
111,1795
111,503
111,1919
112,1539
112,2259
112,1541
112,1981
112,783
112,1604
112,1861
112,1358
112,537
112,1639
112,1545
112,775
112,1511
112,1857
112,2253
112,1855
112,1375
112,2224
112,784
112,68
112,1377
112,1633
112,780
112,1985
112,1635
112,1827
112,67
112,1951
112,2255
112,873
112,1979
112,896
113,1627
113,781
113,2224
113,543
113,479
113,2247
113,893
113,1973
113,897
113,1849
113,1604
113,1533
113,1827
113,1358
113,1951
113,1511
113,535
114,1522
114,2236
114,1616
114,1962
114,113
114,1838
115,1522
115,2236
115,1616
115,1962
115,113
115,1838
115,769
116,1539
116,781
116,2259
116,1541
116,1981
116,1604
116,1861
116,1358
116,537
116,1639
116,1545
116,775
116,1511
116,1857
116,2253
116,1855
116,1375
116,2224
116,784
116,68
116,1377
116,1633
116,780
116,1985
116,1635
116,1827
116,67
116,1951
116,2255
116,1979
117,116
117,1839
117,1963
117,1617
117,2237
117,1523
118,116
118,769
118,1839
118,1963
118,1617
118,2237
118,1523
533,778
119,1526
119,1620
119,1966
119,1842
119,534
119,2240
119,896
120,1526
120,1620
120,1966
120,1842
120,534
120,2240
534,1629
534,2262
534,893
534,2157
534,2251
534,1604
534,1234
534,994
534,1511
534,2393
534,2224
534,1670
534,1271
534,955
534,1631
534,1337
534,128
534,2232
534,2360
534,2432
534,861
534,1537
534,1975
534,1834
534,1415
534,481
534,1156
534,1120
534,536
534,1705
534,1864
534,1548
534,1853
534,813
534,1372
534,1642
534,1088
534,1895
534,1518
534,1365
534,1056
534,895
534,2290
534,253
534,1851
534,741
534,1025
534,1358
534,878
534,2325
534,1535
534,1977
534,1193
534,2019
534,2199
534,1451
534,1612
534,1486
534,2118
534,1827
534,1738
534,1580
534,1951
534,1958
534,2249
534,1304
534,1771
534,1988
534,2052
534,2085
121,1525
121,1841
121,1965
121,2239
121,120
121,1619
122,2259
122,910
122,1541
122,1981
122,893
122,1604
122,1861
122,1358
122,537
122,1639
122,1545
122,1511
122,1857
122,2224
122,881
122,68
122,1377
122,1985
122,880
122,1635
122,1827
122,67
122,1951
122,2255
123,781
123,2224
123,2259
123,1541
123,1981
123,771
123,1377
123,1985
123,1635
123,1604
123,1827
123,67
123,1861
123,1358
123,1951
123,925
123,537
123,1639
123,1545
123,2255
123,1511
123,1857
124,1843
124,2241
124,1621
124,1527
124,123
124,1967
125,1843
125,2241
125,1621
125,1527
125,123
125,1967
125,769
126,1855
126,1375
126,1539
126,2224
126,1633
126,1604
126,1827
126,1358
126,1951
126,1511
126,873
126,1979
126,2253
535,1515
535,1636
535,1542
535,850
535,1955
535,542
535,1604
535,1362
535,1358
535,1511
535,852
535,1609
535,1858
535,1378
535,2224
535,2256
535,854
535,784
535,853
535,1827
535,67
535,1951
535,1982
535,1831
535,2229
536,1609
536,1858
536,1515
536,1378
536,1636
536,1542
536,2256
536,854
536,850
536,1955
536,853
536,542
536,68
536,1362
536,67
536,1982
536,1831
536,2229
536,852
537,1361
537,1514
537,1954
537,1608
537,1830
537,67
537,2228
538,547
127,250
127,2224
127,1956
127,1832
127,2230
127,822
127,1516
127,1604
127,875
127,1363
127,1346
127,1827
127,1358
127,1951
127,1610
127,1511
127,1231
128,2224
128,1538
128,874
128,68
128,1632
128,2252
128,1604
128,1854
128,1827
128,1358
128,1951
128,1978
128,1511
128,1374
129,1867
129,966
129,1099
129,1035
129,1204
129,2212
129,1991
129,2031
129,1462
129,1004
129,2302
129,324
129,1428
129,1315
129,1592
129,1497
129,2371
129,2170
129,2063
129,1782
129,2096
129,1348
129,1907
129,1749
129,2265
129,1551
129,2405
129,1131
129,1282
129,1067
129,1716
129,1681
129,1167
129,2129
129,2445
129,1645
129,2336
130,2224
130,1541
130,1981
130,874
130,68
130,1377
130,1635
130,1604
130,1827
130,1358
130,1951
130,2255
130,1511
130,1857
131,1855
131,1375
131,1539
131,2224
131,1980
131,1376
131,2254
131,1540
131,1633
131,1604
131,1827
131,1358
131,1951
131,1511
131,873
131,1979
131,2253
131,1634
131,1856
132,918
132,1554
132,1994
132,2268
132,1870
132,133
132,1648
133,2271
133,487
133,1998
133,1558
133,825
133,1874
133,1651
133,545
134,1871
134,918
134,1995
134,1649
134,1555
134,135
134,2269
135,485
135,2271
135,1998
135,1558
135,825
135,1874
135,1651
135,545
539,758
539,833
540,816
540,817
540,539
541,854
541,910
541,850
541,853
541,68
541,757
541,756
541,911
541,862
541,540
541,544
541,861
541,67
541,539
542,756
542,864
542,780
542,541
542,854
542,776
542,850
542,853
542,68
542,546
542,852
544,833
545,2224
545,2259
545,1541
545,1981
545,489
545,68
545,1377
545,1985
545,486
545,1635
545,1604
545,1827
545,67
545,1861
545,1358
545,1951
545,537
545,1639
545,1545
545,2255
545,1511
545,1857
545,488
546,531
546,532
546,533
546,538
547,910
548,1140
548,617
548,1393
549,824
549,550
551,860
551,854
551,850
551,853
551,552
552,833
553,2137
553,1395
553,604
136,177
136,2168
136,1426
137,1596
137,221
137,138
138,137
139,1437
139,1011
139,19
139,2310
139,2276
139,1179
139,1257
139,1323
140,141
141,23
141,288
141,91
141,42
141,140
141,75
141,2300
141,14
554,813
555,566
555,578
555,579
555,833
556,555
560,580
560,568
560,559
560,577
560,554
561,900
561,562
561,582
562,780
562,922
565,1472
565,1490
565,2203
565,894
565,1473
565,2183
565,2184
568,29
568,574
568,636
568,409
568,594
568,657
570,574
570,1143
570,578
570,579
570,1918
570,1794
570,31
570,1507
570,833
571,570
572,825
573,572
142,1490
142,2203
142,1143
142,1473
142,594
142,1794
142,1472
142,29
142,636
142,575
142,2183
142,2184
142,409
142,1918
142,657
142,31
142,1507
143,144
143,583
144,1490
144,2203
144,585
144,563
144,2209
144,1473
144,567
144,561
144,155
144,833
144,1472
144,560
144,575
144,584
144,2183
144,564
144,2184
144,576
145,1490
145,2203
145,1473
145,594
145,1472
145,29
145,636
145,575
145,2183
145,2184
145,409
145,657
575,1472
575,2183
576,569
581,943
581,1043
581,2138
581,1509
581,1324
581,979
581,1602
581,1656
581,1396
581,1879
581,1691
581,2071
581,1724
581,2277
581,1470
581,1949
581,2222
581,1258
581,1825
581,2180
581,2104
581,2379
581,1107
581,2418
581,1438
581,1180
581,1563
581,2038
581,1012
581,1757
581,411
581,1075
581,2311
581,1290
581,2345
581,2003
581,1356
581,295
582,587
583,586
586,822
586,879
586,916
586,912
586,823
586,899
587,566
587,899
146,573
147,2203
147,1629
147,2157
147,1234
147,994
147,269
147,775
147,2393
147,1490
147,1670
147,1271
147,955
147,1473
147,1483
147,2196
147,1337
147,780
147,1477
147,2188
147,2360
147,2432
147,1975
147,2184
147,896
147,1415
147,1250
147,1156
147,1120
147,1705
147,813
147,1372
147,1088
147,1472
147,1895
147,783
147,1056
147,2290
147,253
147,1851
147,741
147,1025
147,2325
147,1535
147,784
147,1193
147,2019
147,898
147,2199
147,1451
147,1486
147,2118
147,2183
147,1738
147,1580
147,2249
147,1304
147,1771
147,2052
147,2085
148,150
148,865
148,2192
149,150
149,586
149,2192
150,1472
150,2193
150,2209
150,2183
150,564
150,588
150,155
588,1472
588,560
588,1490
588,2203
588,563
588,1473
588,2183
588,2184
588,561
151,1837
151,1615
151,2235
151,251
151,1521
151,1472
151,1232
151,112
151,1477
151,2188
151,2183
151,1961
152,1624
152,126
152,2244
152,2190
152,1530
152,898
152,251
152,1472
152,1232
152,1970
152,1846
152,1479
152,2183
153,1624
153,126
153,2244
153,1530
153,251
153,1472
153,1232
153,1477
153,2188
153,1970
153,1846
153,2183
154,1472
154,250
154,822
154,1477
154,2188
154,1346
154,2183
154,1231
155,1472
155,2183
155,1488
155,68
155,2201
156,2203
156,1643
156,1714
156,1097
156,1426
156,7
156,2061
156,2210
156,2127
156,1280
156,813
156,588
156,1313
156,1472
156,2299
156,1065
156,1129
156,1383
156,321
156,2443
156,2193
156,1490
156,1549
156,1679
156,177
156,1165
156,1865
156,212
156,964
156,2369
156,2334
156,1473
156,10
156,198
156,1202
156,1989
156,1747
156,2403
156,2168
156,2094
156,1460
156,1346
156,2263
156,2183
156,2184
156,1780
157,1472
157,1491
157,2183
157,68
157,2204
159,158
160,938
161,160
591,597
592,591
593,655
593,28
593,1506
593,634
593,1142
594,595
595,29
595,636
595,409
595,594
595,657
596,833
597,1565
597,1824
597,1425
597,1601
597,109
597,1557
597,2140
597,1398
597,1508
597,1590
597,1948
597,2221
597,2167
600,908
600,924
600,2162
600,1565
600,1420
600,894
600,1566
600,2140
600,1398
600,2141
600,1585
600,1399
600,605
601,825
602,601
162,2162
162,1565
162,1420
162,594
162,29
162,636
162,1566
162,901
162,905
162,2140
162,1398
162,2141
162,903
162,603
162,409
162,1585
162,1399
162,657
163,2150
163,169
163,1408
164,165
164,607
165,234
165,111
165,1403
165,1216
165,1800
165,1565
165,1960
165,1836
165,2234
165,1520
165,593
165,1570
165,606
165,905
165,1614
165,222
165,2140
165,1398
165,2145
165,101
165,1924
166,2162
166,1565
166,1420
166,594
166,29
166,636
166,1566
166,901
166,2140
166,1398
166,2141
166,903
166,603
166,409
166,1585
166,1399
166,657
603,1565
603,2140
603,1398
604,725
604,1044
604,1564
604,980
604,2346
604,1826
604,1603
604,1108
604,2039
604,2072
604,1725
604,2105
604,1259
604,2278
604,1144
604,1397
604,2312
604,1510
604,1291
604,1439
604,389
604,1950
604,1357
604,2004
604,1471
604,1880
604,1181
604,1758
604,1657
604,2181
604,1692
604,2380
604,1076
604,1013
604,2139
604,2419
604,2223
604,1325
605,613
606,1431
606,614
606,2173
607,608
608,822
608,884
608,883
609,904
609,905
609,903
609,883
609,890
167,602
168,904
168,2154
168,813
168,862
168,1566
168,783
168,901
168,1577
168,1412
168,1398
168,2141
168,775
168,902
168,2162
168,1565
168,784
168,1420
168,898
168,780
168,905
168,2140
168,1585
168,903
168,1399
169,234
169,1403
169,2173
169,1216
169,1964
169,1565
169,1524
169,1840
169,2238
169,1570
169,1431
169,1618
169,614
169,905
169,222
169,2140
169,1398
169,2145
169,119
170,2151
170,171
170,608
170,1409
171,888
171,886
171,1419
171,2161
171,2162
171,1565
171,1420
171,609
171,1584
171,780
171,1566
171,905
171,2140
171,1398
171,2141
171,611
171,610
171,1585
171,826
171,599
171,1399
171,775
172,1571
172,908
172,1837
172,1615
172,1565
172,2235
172,251
172,1521
172,1232
172,112
172,1404
172,2146
172,2140
172,1398
172,1961
610,908
610,811
610,774
610,809
610,906
611,908
611,894
611,891
611,613
611,612
611,883
612,882
612,880
612,893
173,1624
173,126
173,2244
173,1573
173,1565
173,1530
173,898
173,251
173,1232
173,2148
173,1970
173,905
173,1846
173,1406
173,2140
173,1398
174,1571
174,1624
174,908
174,126
174,2244
174,1565
174,1530
174,251
174,1232
174,1404
174,1970
174,1846
174,2146
174,2140
174,1398
613,901
613,903
175,1571
175,1404
175,250
175,822
175,909
175,2146
175,1346
175,1565
175,2140
175,1398
175,1231
176,1582
176,2159
176,907
176,1565
176,2140
176,1398
176,1417
176,68
177,2151
177,1643
177,1714
177,171
177,1426
177,2210
177,2127
177,589
177,2299
177,1566
177,565
177,2141
177,1129
177,483
177,484
177,1409
177,2443
177,482
177,480
177,1679
177,2162
177,1565
177,1202
177,1989
177,600
177,1460
177,1346
177,2140
177,1585
177,1780
177,184
177,156
177,1097
177,7
177,2061
177,1280
177,813
177,1313
177,1398
177,491
177,493
177,1065
177,1383
177,321
177,1549
177,558
177,1165
177,1865
177,212
177,964
177,2369
177,1420
177,2334
177,10
177,198
177,1747
177,2403
177,2168
177,2094
177,2263
177,1399
177,557
178,2163
178,907
178,1586
178,1565
178,2140
178,1398
178,1421
178,68
614,590
179,1571
179,1232
179,1404
179,2146
179,1565
179,2140
179,1398
179,906
179,251
615,1601
615,109
615,1508
615,1948
615,1824
615,2221
180,250
180,822
180,1604
180,913
180,1346
180,1610
180,1231
181,1387
181,232
181,182
181,1557
181,1873
181,1997
182,181
616,1657
616,1692
616,2004
616,389
616,1880
616,2039
616,2072
616,1725
616,2105
616,1758
183,1232
183,1664
183,1658
183,251
617,1689
617,1392
617,1141
617,1690
617,2468
617,1394
617,1139
618,697
622,835
625,862
625,626
625,2461
625,810
625,811
625,2462
625,67
626,855
626,829
626,830
627,1657
627,1692
627,2004
627,389
627,1880
627,2039
627,2072
627,1725
627,2105
627,1758
185,1232
185,934
185,1693
185,1699
185,251
628,1657
628,1692
628,2004
628,389
628,1880
628,2039
628,2072
628,1725
628,2105
628,1758
186,1232
186,1726
186,935
186,1732
186,251
629,1657
629,1692
629,2004
629,389
629,1880
629,2039
629,2072
629,1725
629,2105
629,1758
187,1232
187,1765
187,1759
187,936
187,251
630,1791
630,1793
630,645
631,417
631,1881
631,158
631,1899
631,1900
631,825
631,876
631,1882
632,1791
632,1793
632,645
633,417
633,1881
633,825
633,876
633,1892
633,160
634,655
634,28
634,1506
634,1142
635,647
636,635
639,642
640,639
641,1795
641,503
641,1919
188,1797
188,937
189,1799
189,937
190,937
190,1800
191,937
191,1802
642,1601
642,109
642,1508
642,1948
642,1824
642,2221
643,1885
645,1790
645,644
645,1792
194,937
194,631
194,633
194,195
646,1657
646,1692
646,2004
646,389
646,1880
646,2039
646,2072
646,1725
646,2105
646,1758
647,648
648,825
648,823
196,632
197,630
198,1747
198,1714
198,1679
198,2094
198,964
198,212
198,2061
198,2127
198,1780
199,967
199,2130
199,1783
199,1717
199,2064
199,1750
199,213
199,1682
199,2097
649,234
649,650
649,1881
649,937
649,1216
649,222
649,1888
650,638
200,641
200,649
201,34
201,641
201,649
651,1917
651,666
651,1915
652,2006
652,2023
652,2005
652,2024
652,825
652,876
652,159
652,471
653,1917
653,666
653,1915
654,2005
654,2016
654,825
654,876
654,161
654,471
655,28
655,1506
655,634
655,1142
656,668
657,656
660,663
661,660
662,1795
662,503
662,1919
202,939
202,1921
203,939
203,1923
204,939
204,1924
205,939
205,1926
663,1601
663,109
663,1508
663,1948
663,1824
663,2221
664,2009
666,665
666,1914
666,1916
208,939
208,209
208,652
208,654
667,1657
667,1692
667,2004
667,389
667,1880
667,2039
667,2072
667,1725
667,2105
667,1758
668,669
669,825
669,823
669,821
210,653
211,651
212,1747
212,1714
212,1679
212,2094
212,964
212,2061
212,2127
212,1780
212,198
213,967
213,2130
213,1783
213,1717
213,2064
213,1750
213,1682
213,2097
213,199
670,939
670,234
670,2005
670,2012
670,1216
670,671
670,222
671,659
214,662
214,670
215,34
215,662
215,670
672,1657
672,1692
672,2004
672,389
672,1880
672,2039
672,2072
672,1725
672,2105
672,1758
216,1232
216,940
216,2040
216,2046
216,251
673,1657
673,1692
673,2004
673,389
673,1880
673,2039
673,2072
673,1725
673,2105
673,1758
217,1232
217,941
217,2073
217,2079
217,251
674,1657
674,1692
674,2004
674,389
674,1880
674,2039
674,2072
674,1725
674,2105
674,1758
218,1232
218,2106
218,942
218,2112
218,251
675,2137
675,1395
675,604
219,177
219,2168
219,1426
220,1596
220,221
220,138
221,220
676,825
222,592
222,294
222,640
222,794
222,661
677,2179
677,844
677,825
678,677
679,678
679,581
679,2182
223,680
223,2203
223,2196
223,2184
223,813
223,898
224,680
224,2203
224,2196
224,2184
224,813
225,680
225,2203
225,2196
225,2184
225,813
225,898
226,680
226,2203
226,2196
226,2184
226,813
227,228
227,1501
228,227
681,825
681,2220
681,845
682,681
683,682
683,1601
683,109
683,1508
683,1948
683,1824
683,2221
229,2254
229,684
229,2245
229,813
229,2225
230,2254
230,684
230,2245
230,813
230,2225
231,1387
231,232
231,182
231,1557
231,1873
231,1997
232,231
685,687
686,860
687,686
687,689
689,803
690,691
690,685
695,692
695,700
696,704
696,693
696,690
696,623
696,702
696,694
696,696
696,703
696,692
696,695
696,700
697,923
697,694
697,696
699,691
699,688
700,699
700,698
701,866
702,701
704,701
705,1437
705,1011
705,19
705,2310
705,2276
705,1179
705,1257
705,1323
706,825
233,35
233,1218
233,708
234,1218
234,708
234,676
235,1218
235,452
235,708
236,1218
236,452
236,708
236,833
237,457
237,706
237,1214
708,427
708,707
238,478
238,1218
238,708
239,1218
239,553
239,708
240,2137
240,1218
240,1395
240,708
240,604
241,1218
241,615
241,708
242,1218
242,708
242,675
243,1218
243,708
243,786
244,394
244,1218
244,708
245,1218
245,708
245,397
246,1218
246,398
246,708
247,1218
247,705
247,708
248,1218
248,416
248,708
249,470
249,1218
249,708
250,90
250,1218
250,708
251,1601
251,109
251,1218
251,708
251,1508
251,1948
251,1824
251,2221
252,1218
252,139
252,708
253,411
253,1218
253,708
254,1218
254,275
254,708
255,1218
255,796
255,708
255,788
256,1218
256,708
256,395
257,1218
257,581
257,708
257,2182
258,679
258,1218
258,708
259,1218
259,708
259,683
260,1218
260,708
260,628
261,1218
261,629
261,708
262,1218
262,708
262,646
263,1218
263,708
263,667
264,1218
264,672
264,708
265,1218
265,708
265,673
266,1218
266,708
266,616
267,1218
267,708
267,674
268,1218
268,708
268,627
269,270
269,1251
270,1218
270,708
270,706
270,1214
270,465
710,709
271,2317
271,825
271,711
271,2313
271,67
271,2329
271,68
711,2313
272,2317
272,825
272,711
272,2313
272,67
272,2329
272,68
273,2317
273,2313
273,67
273,2329
273,68
274,2317
274,2313
274,67
274,2329
274,68
275,1437
275,1011
275,19
275,2310
275,2276
275,1179
275,1257
275,1323
276,2328
276,825
276,2313
277,2328
277,619
277,2313
278,2328
278,2313
279,2328
279,825
279,2313
280,2328
280,619
280,2313
281,2328
281,2313
282,2328
282,2313
283,2328
283,2313
284,2328
284,825
284,2313
285,250
285,822
285,1346
285,2313
285,2318
285,1231
286,710
287,2327
287,2313
287,68
288,289
289,23
289,288
289,91
289,42
289,140
289,75
289,2300
289,14
290,2327
290,2313
290,2329
290,68
291,2328
291,2313
292,2328
292,2313
293,2328
293,825
293,2313
713,941
713,727
713,726
713,877
713,940
713,934
713,728
713,942
713,936
713,935
715,716
719,717
719,857
721,861
721,812
724,723
724,722
295,725
295,1044
295,1564
295,980
295,2346
295,1826
295,1603
295,1108
295,2039
295,2072
295,1725
295,2105
295,1259
295,2278
295,1144
295,1397
295,2312
295,1510
295,1291
295,1439
295,389
295,1950
295,1357
295,2004
295,1471
295,1880
295,1181
295,1758
295,1657
295,2181
295,1692
295,2380
295,1076
295,1013
295,2139
295,2419
295,2223
295,1325
725,464
726,739
727,743
296,1712
296,1640
296,2125
296,1344
296,1381
296,1095
296,1494
296,2400
296,2297
296,1778
296,1063
296,1904
296,1127
296,2092
296,1278
296,2059
296,1001
296,1677
296,1589
296,316
296,1546
296,1163
296,2028
296,2260
296,2439
296,1200
296,1986
296,1745
296,1458
296,2166
296,1424
296,2207
296,2367
296,2332
296,1862
296,1032
296,1311
296,962
297,1762
297,2076
297,1661
297,1017
297,2384
297,110
297,1443
297,598
297,2316
297,2109
297,1729
297,1148
297,1112
297,1568
297,643
297,1475
297,1401
297,1884
297,984
297,1607
297,664
297,2043
297,947
297,1080
297,1696
297,2282
297,1329
297,1295
297,2143
297,298
297,2186
297,2008
297,2350
297,2423
297,1263
297,1185
297,2227
297,1048
729,1762
729,2076
729,1661
729,1017
729,2384
729,110
729,1443
729,598
729,2316
729,2109
729,1729
729,1148
729,1112
729,1568
729,643
729,1475
729,1401
729,1884
729,984
729,1607
729,664
729,2043
729,947
729,1080
729,1696
729,2282
729,1329
729,1295
729,2143
729,298
729,2186
729,2008
729,2350
729,2423
729,1263
729,1185
729,2227
729,1048
298,1638
298,2206
298,2296
298,1031
298,2040
298,1380
298,1199
298,1182
298,1457
298,961
298,1604
298,2399
298,1145
298,1162
298,2381
298,1511
298,2027
298,1260
298,981
298,2005
298,2224
298,2073
298,2438
298,1777
298,1292
298,1565
298,2091
298,1423
298,1126
298,1759
298,1000
298,2366
298,2140
298,2420
298,1493
298,1903
298,1658
298,744
298,1984
298,1109
298,1062
298,1014
298,1277
298,2313
298,2258
298,1588
298,2347
298,1726
298,1326
298,944
298,1744
298,1472
298,2106
298,1881
298,1398
298,2058
298,2279
298,2331
298,1358
298,1310
298,2124
298,1544
298,1676
298,1045
298,1343
298,1077
298,1711
298,1440
298,1094
298,296
298,2165
298,1693
298,2183
298,1827
298,1860
298,1951
732,1762
732,2076
732,1661
732,1017
732,2384
732,110
732,1443
732,598
732,2316
732,2109
732,1729
732,1148
732,1112
732,1568
732,643
732,1475
732,1401
732,1884
732,984
732,1607
732,664
732,2043
732,947
732,1080
732,1696
732,2282
732,1329
732,1295
732,2143
732,298
732,2186
732,2008
732,2350
732,2423
732,1263
732,1185
732,67
732,2227
732,1048
299,462
299,706
299,1214
300,737
300,1575
300,2321
300,1267
300,1481
300,1300
300,1021
300,1767
300,951
300,2286
300,2048
300,1622
300,1410
300,989
300,2081
300,1447
300,1189
300,1367
300,1844
300,1666
300,1333
300,1116
300,1528
300,2356
300,2389
300,1890
300,2194
300,2114
300,1084
300,1734
300,2242
300,2428
300,2014
300,1052
300,2152
300,1152
300,1968
300,1701
733,1364
733,1572
733,2078
733,1517
733,2011
733,2231
733,1265
733,2189
733,1478
733,1611
733,949
733,2319
733,1887
733,720
733,719
733,733
733,745
733,2353
733,730
733,2147
733,2387
733,2045
733,1445
733,1764
733,987
733,1187
733,1957
733,1297
733,2284
733,2111
733,1082
733,68
733,1731
733,1331
733,1663
733,1833
733,1050
733,1150
733,723
733,67
733,1019
733,1114
733,1405
733,2426
733,1698
734,720
734,719
734,67
736,2078
736,1517
736,2231
736,2040
736,1478
736,1611
736,1887
736,1182
736,1604
736,720
736,733
736,1145
736,2387
736,2381
736,1511
736,1260
736,981
736,1445
736,2005
736,2224
736,2073
736,1764
736,987
736,1187
736,1292
736,1565
736,1957
736,2111
736,1082
736,747
736,722
736,1331
736,1663
736,1759
736,1050
736,2140
736,2420
736,1114
736,1658
736,734
736,2426
736,1698
736,1364
736,1572
736,1109
736,2011
736,1265
736,1014
736,2189
736,2313
736,2347
736,949
736,2319
736,1726
736,1326
736,944
736,1472
736,2106
736,1881
736,1398
736,2279
736,1358
736,2353
736,2147
736,2045
736,746
736,1045
736,1297
736,2284
736,1077
736,1731
736,1440
736,1833
736,296
736,718
736,1150
736,1693
736,2183
736,1827
736,1019
736,1951
736,1405
737,463
737,714
737,825
737,549
737,706
737,1214
738,1208
738,2133
738,1388
738,1007
738,1720
738,2375
738,1466
738,2340
738,1135
738,1652
738,1559
738,1786
738,749
738,2216
738,2306
738,1171
738,2272
738,2409
738,1039
738,970
738,1319
738,1597
738,1685
738,2175
738,2067
738,1753
738,1910
738,1286
738,1433
738,451
738,1071
738,2100
738,1999
738,1352
738,1502
738,2034
738,1875
738,1103
738,2449
739,620
302,953
302,1736
302,1972
302,2083
302,1449
302,2017
302,1054
302,1578
302,1086
302,1191
302,2358
302,2430
302,2246
302,1769
302,2288
302,2155
302,2116
302,1413
302,1269
302,1302
302,1154
302,2197
302,1370
302,1893
302,1118
302,992
302,1484
302,1532
302,1848
302,1626
302,1023
302,1703
302,2050
302,1668
302,2391
302,1335
302,2323
302,304
303,953
303,1736
303,1972
303,2083
303,1449
303,2017
303,1054
303,1578
303,1086
303,1191
303,2358
303,2430
303,2246
303,1769
303,2288
303,2155
303,2116
303,1413
303,1269
303,1302
303,1154
303,2197
303,1370
303,1893
303,1118
303,992
303,1484
303,1532
303,1848
303,1626
303,1023
303,1703
303,2050
303,1668
303,2391
303,1335
303,2323
303,304
304,1760
304,1359
304,1308
304,2314
304,1160
304,2294
304,1541
304,1952
304,1092
304,1029
304,2074
304,982
304,1341
304,297
304,1566
304,2163
304,1694
304,1659
304,2141
304,1674
304,2107
304,1857
304,1709
304,1327
304,1261
304,1473
304,998
304,1046
304,959
304,2364
304,2329
304,1124
304,2280
304,1377
304,1491
304,945
304,2025
304,1586
304,2184
304,1183
304,2255
304,313
304,1775
304,1455
304,1441
304,2041
304,2397
304,2089
304,1421
304,1981
304,1512
304,1882
304,2122
304,2006
304,1293
304,1015
304,1727
304,1275
304,2348
304,1078
304,1901
304,1742
304,1060
304,1828
304,1146
304,1605
304,2421
304,1110
304,68
304,2204
304,2056
304,1635
304,2436
304,1197
304,2382
304,1399
304,2225
305,454
306,455
740,2296
740,2040
740,1199
740,1006
740,1457
740,961
740,1739
740,2399
740,1884
740,1976
740,2053
740,2091
740,1157
740,2158
740,2366
740,2140
740,67
740,1556
740,1134
740,1762
740,1588
740,2347
740,2448
740,2033
740,1726
740,1326
740,1744
740,944
740,1536
740,2109
740,1881
740,1026
740,1568
740,1194
740,1475
740,2279
740,2043
740,1544
740,1676
740,1077
740,298
740,1711
740,1094
740,1440
740,1595
740,1860
740,1638
740,2076
740,1661
740,1102
740,1070
740,2384
740,1909
740,1112
740,2408
740,1401
740,1162
740,1487
740,984
740,2381
740,981
740,2073
740,1684
740,1777
740,1292
740,1719
740,1338
740,456
740,1785
740,2143
740,2423
740,1706
740,1581
740,1903
740,1852
740,1658
740,1872
740,1207
740,2291
740,1017
740,2258
740,2313
740,110
740,1443
740,1272
740,2339
740,598
740,2099
740,1500
740,748
740,721
740,1896
740,1772
740,2394
740,947
740,1996
740,2124
740,2174
740,1295
740,1089
740,2350
740,1827
740,1048
740,2326
740,1351
740,2132
740,1031
740,2270
740,1452
740,1182
740,1650
740,742
740,1752
740,1630
740,2027
740,2066
740,1607
740,2005
740,2438
740,2224
740,2200
740,1565
740,2305
740,1696
740,995
740,1126
740,1373
740,1000
740,1759
740,2086
740,1263
740,1185
740,1493
740,744
740,1416
740,1984
740,956
740,1062
740,1277
740,2106
740,1148
740,643
740,1398
740,2058
740,2361
740,1305
740,1045
740,2282
740,1329
740,2165
740,1432
740,1693
740,2183
740,2020
740,2206
740,1380
740,2316
740,1729
740,1121
740,1604
740,1318
740,1671
740,1465
740,1145
740,1511
740,1260
740,2215
740,1080
740,1423
740,2250
740,2433
740,2119
740,1057
740,2008
740,723
740,2420
740,2227
740,1109
740,2374
740,1014
740,1285
740,1472
740,969
740,2331
740,1358
740,664
740,1310
740,1343
740,1170
740,2186
740,296
740,1386
740,1951
740,1038
741,1055
741,2431
741,1974
741,1087
741,1485
741,2051
741,1737
741,1155
741,2117
741,1119
741,2324
741,1303
741,1414
741,1371
741,1450
741,1894
741,2156
741,1270
741,1579
741,2359
741,1628
741,2392
741,1770
741,2289
741,1024
741,1704
741,740
741,2018
741,1192
741,2198
741,2248
741,1336
741,2084
741,1850
741,718
741,1534
741,993
741,954
741,1669
742,1190
742,2115
742,1768
742,2429
742,1053
742,2015
742,1117
742,2243
742,1969
742,2082
742,1845
742,1623
742,1153
742,1667
742,1576
742,2195
742,990
742,1702
742,721
742,1482
742,1368
742,1268
742,2357
742,2390
742,773
742,1529
742,1891
742,952
742,1411
742,1448
742,2287
742,1085
742,2049
742,1301
742,2153
742,738
742,1735
742,1334
742,2322
742,1022
307,1113
307,2115
307,1697
307,1662
307,732
307,2429
307,1053
307,1402
307,1763
307,1955
307,2077
307,2015
307,2082
307,1845
307,1623
307,1153
307,1667
307,2195
307,990
307,2110
307,1368
307,1268
307,2357
307,2390
307,1891
307,1018
307,1411
307,1448
307,1081
307,1296
307,1085
307,985
307,2153
307,1264
307,1735
307,1334
307,2322
307,1022
307,1831
307,2044
307,1190
307,2187
307,1515
307,1444
307,1730
307,2317
307,1049
307,1768
307,2385
307,1117
307,2243
307,1969
307,2351
307,1576
307,1362
307,785
307,1702
307,948
307,1482
307,1609
307,1476
307,1529
307,1330
307,952
307,2144
307,2283
307,1186
307,2287
307,1569
307,2049
307,1149
307,1301
307,738
307,1886
307,2424
307,2010
307,2229
308,2327
308,2087
308,2120
308,1058
308,2292
308,2159
308,1306
308,1538
308,1027
308,2054
308,1273
308,2362
308,1122
308,1773
308,957
308,307
308,2201
308,1582
308,1672
308,1158
308,2434
308,1707
308,1417
308,2021
308,1632
308,2252
308,1090
308,1740
308,1453
308,1854
308,67
308,1488
308,1195
308,996
308,2395
308,1978
308,1897
308,1339
308,1374
309,1760
309,1359
309,1308
309,2314
309,1160
309,2294
309,1541
309,1952
309,1092
309,1029
309,2074
309,982
309,833
309,1341
309,297
309,1566
309,2163
309,1694
309,1659
309,2141
309,1674
309,2107
309,1857
309,1709
309,1327
309,1261
309,1473
309,998
309,1046
309,959
309,2364
309,2329
309,1124
309,2280
309,1377
309,1491
309,945
309,2025
309,1586
309,2184
309,1183
309,2255
309,313
309,1775
309,1455
309,1441
309,2041
309,2397
309,2089
309,1421
309,1981
309,1512
309,1882
309,2122
309,2006
309,1293
309,1015
309,1727
309,1275
309,2348
309,1078
309,1901
309,1742
309,1060
309,1828
309,1146
309,1605
309,2421
309,1110
309,68
309,2204
309,2056
309,1635
309,2436
309,1197
309,2382
309,1399
309,2225
310,1775
310,1308
310,1160
310,2294
310,1455
310,1541
310,2397
310,2089
310,1421
310,1981
310,1092
310,1029
310,833
310,2122
310,1341
310,2163
310,1275
310,1674
310,1901
310,1857
310,1709
310,1742
310,1060
310,998
310,959
310,2364
310,2329
310,1124
310,68
310,1377
310,2204
310,1491
310,2056
310,1635
310,2025
310,1586
310,2436
310,1197
310,2255
310,313
311,1775
311,1308
311,1160
311,2294
311,1455
311,1541
311,2397
311,2089
311,1421
311,1981
311,1092
311,1029
311,833
311,2122
311,1341
311,2163
311,1275
311,1674
311,1901
311,1857
311,1709
311,1742
311,1060
311,998
311,959
311,2364
311,2329
311,1124
311,68
311,1377
311,2204
311,1491
311,2056
311,1635
311,2025
311,1586
311,2436
311,1197
311,2255
311,313
312,453
313,1190
313,892
313,2115
313,856
313,1768
313,2429
313,1053
313,2015
313,1117
313,2243
313,1969
313,2082
313,1845
313,1623
313,1153
313,1667
313,1576
313,2195
313,990
313,1702
313,1482
313,1368
313,1268
313,2357
313,2390
313,1529
313,1891
313,952
313,1411
313,1448
313,2287
313,1085
313,2049
313,1301
313,2153
313,738
313,1735
313,1334
313,2322
313,1022
314,1456
314,1125
314,1198
314,2164
314,1543
314,1675
314,1379
314,2437
314,999
314,1637
314,1743
314,1030
314,2330
314,2026
314,2205
314,2057
314,1342
314,1422
314,1309
314,1492
314,1776
314,2398
314,1093
314,2123
314,1859
314,1061
314,315
314,2090
314,2257
314,1902
314,1710
314,960
314,1983
314,1587
314,2295
314,1276
314,2365
314,1161
315,1775
315,1308
315,1160
315,2294
315,1455
315,1541
315,2397
315,2089
315,1421
315,1981
315,1092
315,1029
315,833
315,2122
315,1341
315,2163
315,1275
315,1674
315,1901
315,1857
315,1709
315,1742
315,1060
315,998
315,959
315,2364
315,2329
315,1124
315,68
315,1377
315,2204
315,1491
315,2056
315,1635
315,2025
315,1586
315,2436
315,1197
315,2255
315,313
743,621
744,731
744,620
744,621
744,876
744,752
745,813
318,237
746,2414
746,2464
746,975
320,1866
320,2095
320,2404
320,2264
320,1384
320,1034
320,1427
320,1748
320,2370
320,1496
320,2062
320,769
320,2030
320,1781
320,322
320,1066
320,2128
320,2169
320,2335
320,1461
320,1680
320,1166
320,1990
320,2211
320,1203
320,1314
320,2301
320,1130
320,1098
320,1347
320,1550
320,1715
320,1906
320,1591
320,965
320,2444
320,1281
320,1003
320,1644
321,1598
321,2035
321,2273
321,971
321,1434
321,750
321,1172
321,2341
321,2217
321,2000
321,1560
321,1686
321,1104
321,2307
321,2068
321,1876
321,1287
321,2450
321,2410
321,1911
321,1754
321,2134
321,2376
321,1320
321,1209
321,1040
321,2101
321,1503
321,1072
321,1008
321,1721
321,1353
321,1653
321,1467
321,2176
321,1136
321,1787
321,1389
322,958
322,2435
322,1539
322,2040
322,2363
322,997
322,1196
322,1182
322,2328
322,1604
322,308
322,1489
322,1673
322,1123
322,1145
322,2381
322,1511
322,2253
322,1260
322,981
322,1855
322,2005
322,2088
322,1418
322,2224
322,2073
322,1292
322,1565
322,1583
322,1898
322,1759
322,2121
322,1091
322,1307
322,2140
322,2420
322,1741
322,1658
322,873
322,1109
322,1159
322,1014
322,2313
322,2347
322,1726
322,1326
322,944
322,1472
322,2106
322,1881
322,1398
322,2202
322,2160
322,2279
322,2022
322,1358
322,2396
322,2055
322,1059
322,1375
322,1774
322,1708
322,1045
322,1274
322,1077
322,1633
322,1028
322,1440
322,296
322,2293
322,1693
322,1454
322,2183
322,1827
322,1951
322,1979
322,1340
323,958
323,1539
323,1308
323,1160
323,2040
323,2363
323,997
323,1092
323,1029
323,1182
323,2328
323,308
323,1123
323,1884
323,1857
323,1607
323,1855
323,2005
323,2224
323,1565
323,1696
323,998
323,1583
323,2364
323,2329
323,1759
323,1091
323,1307
323,1263
323,1185
323,2025
323,1586
323,2140
323,67
323,1741
323,1762
323,1775
323,1159
323,1455
323,2397
323,2347
323,1726
323,1326
323,944
323,2106
323,2109
323,1881
323,1148
323,1568
323,643
323,1398
323,2202
323,2279
323,2022
323,1475
323,1060
323,1059
323,2043
323,1774
323,1045
323,1274
323,2282
323,1329
323,1077
323,2204
323,298
323,1440
323,1693
323,1454
323,2183
323,2436
323,1979
323,1340
323,2435
323,2076
323,1661
323,2294
323,1541
323,2384
323,1196
323,735
323,2316
323,1341
323,624
323,1729
323,2163
323,1604
323,1112
323,1489
323,1674
323,1673
323,1145
323,1401
323,2381
323,1511
323,2253
323,984
323,1260
323,981
323,1709
323,2088
323,1418
323,2073
323,1080
323,1292
323,1898
323,959
323,1124
323,2143
323,1377
323,2121
323,1491
323,2008
323,2423
323,2420
323,2227
323,2255
323,1658
323,313
323,1109
323,1014
323,1017
323,2313
323,2089
323,1421
323,1981
323,110
323,1443
323,598
323,2122
323,1472
323,1275
323,2160
323,1358
323,2396
323,2055
323,1901
323,664
323,1742
323,1375
323,947
323,1708
323,1295
323,1633
323,1028
323,296
323,2293
323,2186
323,2056
323,2350
323,1635
323,1827
323,1951
323,1048
323,1197
324,1317
324,968
324,2214
324,1169
324,769
324,1464
324,1430
324,1718
324,1553
324,2032
324,2267
324,2065
324,1784
324,1284
324,2407
324,1499
324,2098
324,1101
324,1350
324,1993
324,1751
324,2304
324,1908
324,1206
324,1133
324,1869
324,1005
324,2338
324,1037
324,2373
324,2172
324,2447
324,1683
324,1647
324,1594
324,131
324,326
324,1069
324,2131
325,2001
325,1105
325,2177
325,2308
325,2411
325,2342
325,1354
325,1504
325,1755
325,1073
325,1599
325,1137
325,1435
325,2274
325,2069
325,1321
325,1390
325,1687
325,2218
325,1468
325,2377
325,1654
325,1561
325,2451
325,1788
325,1877
325,1009
325,1041
325,751
325,1210
325,1173
325,2036
325,1722
325,1288
325,2102
325,972
325,1912
325,2135
326,958
326,2435
326,1539
326,2040
326,2363
326,997
326,1196
326,1182
326,2328
326,1604
326,308
326,1489
326,1673
326,1123
326,1145
326,2381
326,1511
326,2253
326,1260
326,981
326,1855
326,2005
326,2088
326,1418
326,2224
326,2073
326,1292
326,1565
326,1583
326,1898
326,1759
326,2121
326,1091
326,1307
326,2140
326,2420
326,1741
326,1658
326,873
326,1109
326,1159
326,1014
326,2313
326,2347
326,1726
326,1326
326,944
326,1472
326,2106
326,1881
326,1398
326,2202
326,2160
326,2279
326,2022
326,1358
326,2396
326,2055
326,1059
326,1375
326,1774
326,1708
326,1045
326,1274
326,1077
326,1633
326,1028
326,1440
326,296
326,2293
326,1693
326,1454
326,2183
326,1827
326,1951
326,1979
326,1340
327,958
327,2435
327,1539
327,2040
327,2363
327,997
327,1196
327,735
327,1182
327,624
327,2328
327,1604
327,308
327,1489
327,1673
327,1123
327,1145
327,2381
327,1511
327,2253
327,1260
327,981
327,1855
327,2005
327,2088
327,1418
327,2224
327,2073
327,1292
327,1565
327,1583
327,1898
327,1759
327,2121
327,1091
327,1307
327,2140
327,2420
327,1741
327,1658
327,1109
327,1159
327,1014
327,2313
327,2347
327,1726
327,1326
327,944
327,1472
327,2106
327,1881
327,1398
327,2202
327,2160
327,2279
327,2022
327,1358
327,2396
327,2055
327,1059
327,1375
327,1774
327,1708
327,1045
327,1274
327,1077
327,1633
327,1028
327,1440
327,296
327,2293
327,1693
327,1454
327,2183
327,1827
327,1951
327,1979
327,1340
328,2001
328,1105
328,2177
328,2308
328,2411
328,2342
328,1354
328,1504
328,1755
328,1073
328,1599
328,1137
328,1435
328,2274
328,2069
328,1321
328,1390
328,1687
328,2218
328,1468
328,2377
328,1654
328,1561
328,2451
328,1788
328,1877
328,1009
328,1041
328,751
328,1210
328,1173
328,2036
328,1722
328,1288
328,2102
328,972
328,1912
328,2135
329,1308
329,1160
329,2040
329,1092
329,1029
329,1182
329,1884
329,1857
329,1607
329,2005
329,2224
329,1565
329,1696
329,998
329,2364
329,2329
329,1759
329,1263
329,1185
329,2025
329,1586
329,2140
329,67
329,1762
329,1775
329,1455
329,2397
329,2347
329,1726
329,1326
329,944
329,2106
329,2109
329,1881
329,1148
329,1568
329,643
329,1398
329,2279
329,1475
329,1060
329,2043
329,1045
329,2282
329,1329
329,1077
329,2204
329,298
329,1440
329,1693
329,2183
329,2436
329,2076
329,1661
329,2294
329,1541
329,2384
329,2316
329,1341
329,1729
329,2163
329,1604
329,1112
329,1674
329,1145
329,1401
329,2381
329,1511
329,984
329,1260
329,981
329,1709
329,2073
329,1080
329,1292
329,959
329,1124
329,2143
329,1377
329,1491
329,2008
329,2423
329,2420
329,2227
329,2255
329,1658
329,313
329,1109
329,1014
329,1017
329,2313
329,2089
329,1421
329,1981
329,110
329,1443
329,598
329,2122
329,1472
329,1275
329,1358
329,1901
329,664
329,1742
329,947
329,1295
329,296
329,2186
329,2056
329,2350
329,1635
329,1827
329,1951
329,1048
329,1197
330,1598
330,2035
330,2273
330,971
330,1434
330,750
330,1172
330,2341
330,2217
330,2000
330,1560
330,1686
330,1104
330,2307
330,2068
330,1876
330,1287
330,2450
330,2410
330,1911
330,1754
330,2134
330,2376
330,1320
330,1209
330,1040
330,2101
330,1503
330,1072
330,1008
330,1721
330,1353
330,1653
330,1467
330,2176
330,1136
330,1787
330,1389
331,1766
331,2040
331,1087
331,1485
331,1266
331,2191
331,1182
331,1155
331,1119
331,1371
331,1450
331,1894
331,2359
331,2355
331,2005
331,2224
331,2018
331,1565
331,950
331,2198
331,1188
331,1407
331,1665
331,1850
331,1759
331,1534
331,2047
331,1889
331,2140
331,2149
331,2233
331,1055
331,2347
331,1115
331,1726
331,2051
331,1737
331,1083
331,1326
331,944
331,1366
331,1700
331,2117
331,2106
331,1303
331,1881
331,2013
331,1398
331,2279
331,1151
331,1733
331,1770
331,1045
331,2248
331,1077
331,2084
331,1440
331,1835
331,1693
331,2183
331,954
331,1332
331,1974
331,2388
331,1051
331,2113
331,1414
331,1959
331,1604
331,1299
331,2156
331,1145
331,1628
331,2381
331,1511
331,988
331,1260
331,981
331,2392
331,1480
331,2073
331,1704
331,1613
331,740
331,1192
331,1292
331,1020
331,2427
331,1446
331,2420
331,736
331,993
331,1658
331,1109
331,2431
331,1014
331,2313
331,2320
331,1519
331,1472
331,2324
331,724
331,2285
331,2080
331,1358
331,1270
331,1579
331,2289
331,1024
331,1336
331,296
331,1574
331,1827
331,1951
331,1669
748,862
748,861
748,67
332,825
332,826
332,833
749,1872
749,1207
749,2132
749,2374
749,1102
749,1070
749,2270
749,2448
749,2033
749,1285
749,2339
749,2099
749,1006
749,1909
749,1650
749,969
749,1500
749,2408
749,1318
749,1752
749,748
749,1465
749,2066
749,1996
749,2215
749,1684
749,773
749,1719
749,2305
749,2174
749,1170
749,1785
749,1432
749,1595
749,1386
749,1351
749,1556
749,1038
749,1134
750,1332
750,1766
750,1974
750,2388
750,1051
750,1087
750,1485
750,1266
750,2191
750,2113
750,1155
750,1119
750,1414
750,1959
750,1299
750,1371
750,1450
750,1894
750,2156
750,2359
750,2355
750,1628
750,988
750,2392
750,1480
750,1704
750,1613
750,740
750,2018
750,1192
750,950
750,2198
750,1020
750,1188
750,1407
750,1665
750,1850
750,2427
750,1534
750,1446
750,2047
750,1889
750,2149
750,723
750,736
750,993
750,2233
750,1055
750,2431
750,1115
750,2051
750,1737
750,1083
750,2320
750,1366
750,1700
750,1519
750,2117
750,2324
750,1303
750,2013
750,2285
750,2080
750,1151
750,1733
750,1270
750,1579
750,1770
750,2289
750,1024
750,2248
750,1336
750,2084
750,1574
750,1835
750,954
750,1669
751,1766
751,1308
751,2296
751,1031
751,1160
751,1092
751,1266
751,1199
751,1029
751,2191
751,1457
751,961
751,2399
751,2355
751,2027
751,1884
751,1857
751,1607
751,2438
751,950
751,2091
751,1696
751,998
751,1188
751,2364
751,2329
751,1407
751,1126
751,1665
751,1000
751,2047
751,1889
751,2366
751,1263
751,1185
751,2025
751,1586
751,2149
751,1493
751,2233
751,67
751,744
751,1984
751,1762
751,1775
751,1455
751,1062
751,1277
751,1588
751,2397
751,1115
751,1083
751,1366
751,1700
751,1744
751,2109
751,1148
751,2013
751,1568
751,643
751,2058
751,1151
751,1475
751,1733
751,1060
751,2043
751,1544
751,1676
751,2282
751,1329
751,2204
751,1711
751,298
751,1094
751,2165
751,1835
751,1860
751,2436
751,1638
751,1332
751,2206
751,2076
751,1661
751,2388
751,2294
751,1541
751,1051
751,1380
751,2384
751,2113
751,2316
751,1341
751,1729
751,2163
751,1959
751,1299
751,1112
751,1674
751,1162
751,1401
751,988
751,984
751,1709
751,1480
751,1777
751,1613
751,1080
751,1020
751,1423
751,959
751,1124
751,2143
751,1377
751,2427
751,1491
751,1446
751,2008
751,2423
751,723
751,736
751,1903
751,2227
751,2255
751,313
751,1017
751,2258
751,2089
751,1421
751,1981
751,2320
751,110
751,1443
751,598
751,1519
751,2122
751,1275
751,2285
751,2080
751,2331
751,1901
751,1310
751,664
751,1742
751,947
751,2124
751,1343
751,1295
751,1574
751,2186
751,2056
751,2350
751,1635
751,1048
751,1197
752,877
333,1762
333,2076
333,1661
333,1017
333,2384
333,110
333,1443
333,598
333,2316
333,2109
333,1729
333,1148
333,1112
333,1568
333,643
333,1475
333,1401
333,1884
333,984
333,1607
333,664
333,2043
333,947
333,1080
333,1696
333,2282
333,1329
333,1295
333,2143
333,298
333,2186
333,2008
333,2350
333,2423
333,1263
333,1185
333,2227
333,1048
753,754
754,804
756,765
757,766
758,768
760,911
760,917
760,805
760,910
761,760
762,879
762,759
763,762
764,912
764,806
764,2344
765,914
765,877
766,915
767,765
767,778
768,916
770,783
770,893
770,833
771,813
771,873
771,893
772,849
772,850
772,853
772,852
773,855
773,872
774,777
774,767
775,781
775,774
775,816
775,817
775,779
775,770
775,833
776,777
776,814
776,781
776,755
776,817
776,779
776,770
777,763
777,764
778,911
778,910
779,814
779,783
779,816
779,817
779,818
780,784
780,874
781,894
782,894
783,783
783,833
784,847
784,920
784,921
784,813
784,893
785,849
785,851
785,850
785,853
786,943
786,1043
786,2138
786,1509
786,1324
786,979
786,1602
786,1656
786,1396
786,1879
786,1691
786,2071
786,1724
786,2277
786,1470
786,1949
786,2222
786,1258
786,1825
786,2180
786,2104
786,2379
786,1107
786,2418
786,1438
786,1180
786,1563
786,2038
786,1012
786,1757
786,411
786,1075
786,2311
786,1290
786,2345
786,2003
786,1356
786,295
334,2358
334,2347
334,928
335,1837
335,1615
335,926
335,825
335,2235
335,2347
335,251
335,1521
335,1232
335,112
335,2354
335,1961
336,933
336,335
337,1232
337,112
337,1837
337,1615
337,927
337,2235
337,2352
337,2347
337,251
337,1521
337,1961
338,1232
338,112
338,1837
338,1615
338,930
338,2235
338,2352
338,2347
338,251
338,1521
338,1961
339,1232
339,112
339,1837
339,1615
339,932
339,2235
339,2352
339,2347
339,251
339,1521
339,1961
340,2358
340,2347
340,928
341,1624
341,926
341,126
341,2244
341,825
341,2347
341,1530
341,251
341,1232
341,1970
341,1846
341,2354
342,341
342,933
343,931
343,250
343,822
343,1346
343,2352
343,2347
343,1231
344,929
344,2347
344,2362
344,68
345,929
345,2347
345,2364
345,68
788,725
788,1044
788,1564
788,980
788,2346
788,1826
788,1603
788,1108
788,2039
788,2072
788,1725
788,2105
788,1259
788,2278
788,1144
788,1397
788,2312
788,1510
788,1291
788,1439
788,389
788,1950
788,1357
788,2004
788,1471
788,1880
788,1181
788,1758
788,1657
788,2181
788,1692
788,2380
788,1076
788,1013
788,2139
788,2419
788,2223
788,1325
346,236
346,2401
346,2441
346,787
346,2386
346,2420
346,1217
346,1236
346,2381
346,255
346,2425
347,348
347,2334
347,2440
348,1250
348,254
348,418
348,2386
348,392
348,2425
348,864
348,401
348,2420
348,1235
348,269
348,2381
790,793
790,2414
790,2417
790,2464
790,975
791,790
349,233
349,384
349,1215
350,384
350,234
350,1216
351,384
351,1219
351,238
352,384
352,239
352,1220
353,384
353,240
353,1221
354,384
354,241
354,1222
355,384
355,242
355,1223
356,384
356,243
356,1224
357,384
357,244
357,1225
358,384
358,1226
358,245
359,384
359,246
359,1227
360,384
360,1228
360,247
361,384
361,248
361,1229
362,384
362,1230
362,249
363,384
363,250
363,1231
364,1232
364,384
364,251
365,384
365,252
365,1233
366,384
366,1234
366,253
367,384
367,254
367,1235
368,384
368,1236
368,255
369,384
369,256
369,1237
370,1238
370,384
370,257
371,384
371,258
371,1239
372,384
372,1240
372,259
373,384
373,260
373,1241
374,384
374,261
374,1242
375,384
375,262
375,1243
376,384
376,1244
376,263
377,384
377,264
377,1245
378,384
378,265
378,1246
379,384
379,1247
379,266
380,384
380,267
380,1248
381,384
381,1249
381,268
382,1250
382,384
382,269
383,384
383,270
383,1251
794,795
795,796
796,788
797,254
797,812
797,858
797,825
797,2434
797,68
797,798
797,2425
797,864
797,2441
797,859
797,2420
797,1235
797,67
797,2436
797,799
385,1232
385,2441
385,861
385,2420
385,2434
385,799
385,68
385,251
385,2425
386,797
387,822
387,797
798,401
798,418
798,860
798,854
798,392
798,850
798,853
799,401
799,418
799,860
799,854
799,392
799,850
799,853
801,2465
801,393
801,792
801,2466
801,2455
801,977
801,802
801,2415
801,976
801,2467
801,2416
802,2453
802,2454
802,2469
